5 10
1
1
0
1
1
-1.3077
-0.4336
0.3426
3.5784
2.7694
-1.3499
3.0349
0.7254
-0.0631
0.7147
-0.2050
-0.1241
1.4897
1.4090
1.4172
-0.6156 -1.4023 1.4193 0.69662 -1.148 0.18733 0.84038 -0.60033 -2.1384 0.12405
0.74808 -1.4224 0.29158 0.83509 0.10487 -0.082494 -0.88803 0.48997 -0.83959 1.4367
-0.19242 0.48819 0.19781 -0.24372 0.72225 -1.933 0.10009 0.73936 1.3546 -1.9609
0.88861 -0.17738 1.5877 0.21567 2.5855 -0.43897 -0.54453 1.7119 -1.0722 -0.1977
-0.76485 -0.19605 -0.80447 -1.1658 -0.66689 -1.7947 0.30352 -0.19412 0.96095 -1.2078