5 10
0
0
0
1
0
0.7015
-2.0518
-0.3538
-0.8236
-1.5771
0.5080
0.2820
0.0335
-1.3337
1.1275
0.3502
-0.2991
0.0229
-0.2620
-1.7502
-0.28565 -2.0026 -0.79816 -0.22477 2.526 -0.17653 0.33351 -0.47615 -0.33489 0.66014
-0.83137 0.96423 1.0187 -0.58903 1.6555 0.79142 0.39135 0.86202 0.55278 -0.067866
-0.97921 0.52006 -0.13322 -0.29375 0.30754 -1.332 0.45168 -1.3617 1.0391 -0.19522
-1.1564 -0.020028 -0.71453 -0.84793 -1.2571 -2.3299 -0.13028 0.45503 -1.1176 -0.21761
-0.53356 -0.034771 1.3514 -1.1201 -0.86547 -1.4491 0.18369 -0.84871 1.2607 -0.30311
